28
NULL 0 Common 0
Joined 7 0,255,0,255,0,0,0,0,0,0 Latin 1 0 1 Joined	# Joined [4a 6f 69 6e 65 64 ]a
|Broken|0|1 15 0,255,0,255,0,0,0,0,0,0 Common 2 10 2 |Broken|0|1	# Broken
t 3 0,255,0,255,0,0,0,0,0,0 Latin 3 0 3 t	# t [74 ]a
r 3 0,255,0,255,0,0,0,0,0,0 Latin 4 0 4 r	# r [72 ]a
a 3 0,255,0,255,0,0,0,0,0,0 Latin 5 0 5 a	# a [61 ]a
i 3 0,255,0,255,0,0,0,0,0,0 Latin 6 0 6 i	# i [69 ]a
n 3 0,255,0,255,0,0,0,0,0,0 Latin 7 0 7 n	# n [6e ]a
g 3 0,255,0,255,0,0,0,0,0,0 Latin 8 0 8 g	# g [67 ]a
\ 16 0,255,0,255,0,0,0,0,0,0 Common 9 10 9 \	# \ [5c ]p
_ 16 0,255,0,255,0,0,0,0,0,0 Common 10 10 10 _	# _ [5f ]p
d 3 0,255,0,255,0,0,0,0,0,0 Latin 11 0 11 d	# d [64 ]a
. 16 0,255,0,255,0,0,0,0,0,0 Common 12 6 12 .	# . [2e ]p
x 3 0,255,0,255,0,0,0,0,0,0 Latin 13 0 13 x	# x [78 ]a
0 8 0,255,0,255,0,0,0,0,0,0 Common 14 2 14 0	# 0 [30 ]0
6 8 0,255,0,255,0,0,0,0,0,0 Common 15 2 15 6	# 6 [36 ]0
- 16 0,255,0,255,0,0,0,0,0,0 Common 16 3 16 -	# - [2d ]p
2 8 0,255,0,255,0,0,0,0,0,0 Common 17 2 17 2	# 2 [32 ]0
1 8 0,255,0,255,0,0,0,0,0,0 Common 18 2 18 1	# 1 [31 ]0
5 8 0,255,0,255,0,0,0,0,0,0 Common 19 2 19 5	# 5 [35 ]0
9 8 0,255,0,255,0,0,0,0,0,0 Common 20 2 20 9	# 9 [39 ]0
e 3 0,255,0,255,0,0,0,0,0,0 Latin 21 0 21 e	# e [65 ]a
o 3 0,255,0,255,0,0,0,0,0,0 Latin 22 0 22 o	# o [6f ]a
p 3 0,255,0,255,0,0,0,0,0,0 Latin 23 0 23 p	# p [70 ]a
7 8 0,255,0,255,0,0,0,0,0,0 Common 24 2 24 7	# 7 [37 ]0
8 8 0,255,0,255,0,0,0,0,0,0 Common 25 2 25 8	# 8 [38 ]0
4 8 0,255,0,255,0,0,0,0,0,0 Common 26 2 26 4	# 4 [34 ]0
3 8 0,255,0,255,0,0,0,0,0,0 Common 27 2 27 3	# 3 [33 ]0
